no stemmer
MODEL A
TRAINING ARTICLES: [427, 400, 934, 301, 89, 52, 686, 570, 222, 687, 725, 622, 390, 653, 277, 875, 270, 508, 8, 295, 784, 868, 430, 775, 287, 638, 17, 629, 18, 156, 41, 712, 343, 576, 417, 76, 963, 167, 252, 741, 665, 241, 19, 530, 414, 326, 628, 112, 376, 36, 66, 834, 543, 396, 823, 259, 723, 831, 800, 213, 227, 763, 408, 904, 456, 236, 943, 71, 956, 205, 391, 673, 34, 285, 323, 293, 663, 421, 707, 320, 584, 344, 203, 247, 718, 485, 866, 884, 965, 73, 278, 808, 607, 486, 95, 150, 828, 3, 837, 781, 67, 116, 359, 77, 441, 240, 372, 951, 99, 942, 600, 540, 353, 175, 592, 705, 300, 257, 554, 657, 316, 55, 946, 964, 124, 619, 432, 650, 926, 531, 53, 389, 863, 938, 562, 22, 45, 39, 690, 362, 382, 47, 520, 394, 29, 276, 514, 921, 345, 774, 56, 399, 44, 611, 512, 492, 932, 333, 299, 365, 497, 953, 468, 614, 482, 799, 315, 464, 891, 829, 74, 811, 114, 694, 184, 490, 691, 265, 874, 242, 770, 204, 936, 110, 197, 258, 753, 769, 790, 228, 643, 678, 137, 789, 151, 794, 715, 31, 519, 567, 862, 746, 967, 881, 642, 113, 189, 541, 924, 50, 839, 160, 499, 289, 198, 500, 351, 470, 961, 662, 352, 6, 556, 748, 659, 777, 553, 948, 646, 243, 331, 207, 564, 525, 843, 219, 251, 593, 680, 369, 424, 218, 64, 375, 574, 620, 139, 327, 246, 852, 86, 158, 623, 201, 173, 267, 890, 78, 744, 178, 397, 569, 88, 443, 674, 733, 23, 901, 779, 873, 704, 757, 903, 870, 612, 174, 467, 814, 111, 371, 909, 284, 558, 220, 782, 179, 749, 654, 602, 141, 406, 666, 944, 70, 626, 632, 742, 307, 791, 745]
FALSE POSITIVES: [255, 833, 848, 750, 861, 971, 521, 801, 845, 363, 835, 532, 191, 786, 40, 713, 947, 231, 681, 649, 810, 586, 524, 716, 474, 899, 488, 879, 788, 35, 968, 896, 538, 778, 469, 761, 667, 418, 595, 503, 969, 817, 711, 722, 907, 919, 132, 885, 616, 455, 366, 809, 473, 928, 846, 876, 340, 945, 959, 546, 502, 747, 962, 444, 271, 836, 764, 867, 684, 621, 869, 806, 756, 550, 636, 575, 364, 754, 734, 559, 557, 539, 676, 613, 882, 598, 785, 857, 409, 692, 902, 46, 341, 122, 937, 644, 950, 832]
FALSE NEGATIVES[433, 610, 26, 527, 452, 75, 194, 908, 306, 566, 545, 134, 425, 101, 367, 272, 625, 25, 308, 357, 402, 374, 635, 120, 135, 183, 515, 821, 880, 322, 732, 249, 548, 599, 185, 560, 689, 440]
CORRECT :[51, 442, 176, 475, 181, 726, 489, 304, 651, 378, 459, 393, 283, 165, 2, 513, 206, 893, 403, 410, 717, 395, 675, 65, 419, 954, 415, 314, 549, 606, 658, 296, 266, 91, 263, 537, 7, 466, 509, 822, 660, 568, 597, 127, 256, 883, 229, 522, 929, 104, 507, 188, 253, 212, 641, 544, 552, 501, 140, 43, 702, 664, 652, 762, 87, 4, 230, 462, 639, 121, 851, 624, 171, 166, 223, 211, 596, 555, 844, 321, 914, 100, 149, 416, 238, 889, 147, 392, 805, 128, 309, 115, 164, 292, 318, 797, 329, 478, 126, 669, 818, 695, 244, 21, 90, 481, 102, 49, 871, 547, 264, 461, 317, 813, 313, 847, 202, 405, 516, 159, 591, 920, 428, 9, 714, 68, 518, 886, 703, 358, 57, 583, 262, 463, 772, 123, 250, 294, 48, 42, 476, 966, 445, 480, 780, 534, 1, 20, 743, 933, 291, 916, 407, 752, 347, 377, 261, 54, 739, 618, 133, 495, 346, 354, 679, 693, 431, 429, 420, 370, 949, 572, 755, 33, 254, 182, 298, 342, 193, 533, 631, 454, 925, 898, 380, 232, 573, 812, 701, 864, 700, 381, 30, 180, 671, 131, 248, 526, 453, 460, 458, 328, 129, 297, 274, 888, 608, 645, 186, 594, 798, 465, 32, 740, 759, 58, 776, 439, 571, 413, 177, 324, 479, 609, 630, 24, 892, 334, 615, 710, 751, 887, 103, 125, 859, 239, 724, 581, 379, 330, 517, 199, 451, 148, 355, 138, 245, 917, 279, 130, 765, 803, 865, 303, 332, 339, 368, 878, 838, 273, 918, 319, 915, 627, 92, 731, 858, 842, 338, 350, 361, 105, 94, 601, 930, 637, 561, 226, 337, 38, 157, 565, 302, 446, 398, 491, 457, 758, 551, 688, 827, 856, 496, 617, 290, 498, 37]
MODEL B
TRAINING ARTICLES: [929, 430, 134, 762, 201, 344, 545, 26, 619, 752, 376, 904, 776, 759, 777, 600, 365, 599, 466, 65, 308, 320, 264, 303, 643, 561, 259, 179, 635, 183, 624, 428, 304, 818, 695, 318, 397, 739, 533, 573, 160, 322, 625, 701, 596, 369, 609, 274, 859, 359, 463, 566, 243, 375, 772, 452, 92, 570, 888, 427, 642, 774, 631, 917, 380, 402, 909, 368, 821, 673, 632, 24, 406, 583, 549, 407, 645, 680, 592, 572, 548, 421, 479, 874, 693, 478, 839, 751, 717, 842, 279, 748, 675, 374, 757, 782, 254, 258, 25, 798]
FALSE POSITIVES: [813, 565, 74, 620, 930, 847, 797, 829, 780, 724, 891, 732, 858, 763, 755, 758, 741, 710, 593, 707, 654, 606, 733, 357, 866, 934, 933, 556]
FALSE NEGATIVES[77, 689, 300, 194, 419, 591, 584, 135, 20, 765, 602, 141]
CORRECT :[240, 914, 723, 688, 749, 615, 475, 769, 705, 315, 393, 432, 715, 629, 431, 367, 811, 399, 519, 158, 150, 104, 440, 843, 714, 515, 679, 120, 618, 691, 908, 433, 249, 460, 627, 812, 775, 789, 936, 541, 457, 702, 800, 222, 808, 880, 822, 966, 425, 568, 75, 630, 703, 415, 456, 185, 871, 560, 175, 278, 638, 370, 864, 889, 690, 628, 480, 527, 212, 664, 639, 610, 272, 744, 461, 641, 101, 265, 306]
