With a stemmer 
MODEL A
TRAINING ARTICLES: [878, 475, 409, 21, 218, 739, 429, 583, 573, 764, 17, 476, 537, 303, 641, 382, 265, 395, 33, 643, 942, 627, 101, 716, 180, 57, 410, 711, 205, 664, 919, 368, 599, 228, 219, 18, 554, 694, 400, 662, 254, 610, 439, 283, 667, 837, 2, 112, 446, 317, 66, 625, 836, 244, 301, 47, 673, 846, 489, 128, 629, 369, 362, 710, 809, 126, 533, 829, 398, 934, 194, 253, 669, 456, 844, 473, 671, 397, 73, 715, 777, 138, 156, 838, 241, 703, 961, 189, 688, 959, 630, 6, 246, 479, 24, 9, 899, 88, 402, 758, 186, 64, 769, 371, 23, 761, 965, 403, 290, 921, 628, 842, 651, 924, 882, 364, 557, 454, 596, 399, 896, 318, 543, 202, 352, 817, 49, 328, 513, 772, 87, 723, 509, 645, 287, 41, 124, 443, 99, 420, 304, 71, 468, 575, 70, 174, 821, 223, 512, 791, 714, 786, 3, 944, 781, 538, 926, 467, 516, 177, 839, 593, 316, 744, 751, 322, 44, 794, 442, 507, 309, 114, 289, 326, 704, 705, 799, 898, 556, 491, 1, 731, 428, 499, 902, 561, 560, 430, 69, 496, 514, 742, 963, 427, 572, 344, 102, 928, 602, 607, 35, 134, 623, 748, 201, 637, 453, 359, 861, 693, 644, 413, 531, 885, 255, 492, 113, 250, 178, 718, 933, 150, 908, 732, 120, 339, 798, 365, 381, 37, 104, 358, 879, 851, 361, 278, 762, 165, 530, 675, 652, 707, 243, 663, 48, 444, 920, 131, 759, 600, 67, 552, 203, 874, 267, 351, 780, 916, 293, 724, 678, 297, 419, 534, 36, 46, 264, 638, 852, 366, 103, 123, 7, 343, 866, 903, 601, 734, 50, 943, 19, 68, 622, 173, 135, 801, 873, 478, 252, 55, 725, 490, 257, 833, 470, 917, 273, 22, 315, 925]
FALSE POSITIVES: [567, 574, 488, 806, 247, 524, 341, 814, 835, 502, 831, 681, 747, 937, 828, 845, 285, 355, 687, 950, 612, 883, 532, 354, 746, 650, 949, 827, 938, 947, 788, 613, 546, 345, 810, 692, 569, 784, 971, 636, 956, 886, 857, 969, 271, 571, 932, 863, 284, 333, 508, 441, 396, 948, 469, 526, 331, 756, 539, 964, 962, 666, 726, 340, 778, 722, 901, 455, 823, 611, 967, 621, 869, 525, 907, 595, 750, 86, 867, 834, 562, 713, 110, 363, 576, 686, 551, 464, 497, 684, 875, 951, 665, 586, 598, 122, 649, 626, 870, 550, 520, 876, 302, 745, 40, 503, 418, 248, 231, 676, 559, 132, 753, 540, 953, 785, 968, 408, 614, 754, 653, 954, 887, 884, 500, 276, 848, 945, 832, 474]
FALSE NEGATIVES[374, 74, 75, 249, 421, 515, 635, 175, 300, 880, 160, 440, 179, 619, 222, 158, 357, 606, 26, 20, 25, 548, 306, 308, 185, 545, 141, 183, 375, 272, 527, 425, 77]
CORRECT :[207, 56, 414, 592, 865, 206, 712, 466, 417, 157, 888, 616, 240, 226, 966, 291, 199, 34, 486, 847, 654, 323, 891, 881, 700, 544, 279, 618, 90, 166, 232, 929, 405, 657, 805, 43, 319, 749, 92, 568, 38, 782, 871, 332, 522, 893, 915, 261, 765, 458, 553, 76, 459, 121, 176, 594, 140, 89, 859, 251, 889, 581, 65, 188, 262, 259, 864, 521, 139, 431, 570, 930, 485, 406, 461, 378, 584, 338, 566, 236, 763, 31, 53, 460, 8, 660, 615, 689, 389, 181, 193, 164, 299, 198, 245, 946, 812, 690, 330, 372, 390, 862, 482, 129, 415, 327, 755, 296, 519, 733, 856, 295, 227, 797, 480, 800, 391, 392, 274, 394, 292, 914, 843, 307, 451, 558, 646, 407, 495, 463, 191, 133, 680, 220, 547, 416, 42, 658, 30, 717, 541, 424, 94, 125, 29, 702, 334, 774, 95, 211, 4, 632, 501, 350, 803, 631, 184, 775, 147, 498, 115, 58, 204, 197, 32, 238, 776, 789, 564, 347, 695, 324, 609, 393, 380, 130, 617, 212, 167, 608, 462, 270, 597, 320, 39, 457, 377, 679, 822, 52, 367, 701, 51, 127, 565, 743, 294, 314, 465, 757, 313, 105, 329, 149, 229, 639, 620, 277, 808, 258, 481, 452, 659, 892, 266, 591, 818, 858, 376, 370, 137, 741, 213, 148, 445, 918, 379, 624, 242, 432, 342, 517, 752, 779, 159, 549, 909, 740, 230, 171, 256, 54, 555, 239, 433, 100, 868, 78, 346, 518, 936, 91, 904, 263, 642, 691, 790, 151, 116, 321, 811, 182, 337, 770, 353, 111, 813, 298, 45, 890]
MODEL B
TRAINING ARTICLES: [945, 432, 623, 204, 507, 188, 104, 451, 619, 223, 869, 890, 544, 290, 942, 101, 613, 496, 249, 354, 283, 908, 715, 806, 110, 754, 843, 362, 442, 667, 687, 402, 567, 731, 712, 23, 791, 486, 532, 680, 34, 475, 862, 462, 653, 355, 584, 369, 65, 896, 358, 764, 408, 476, 88, 439, 615, 316, 246, 635, 105, 69, 517, 926, 933, 287, 611, 521, 723, 292, 565, 827, 848, 612, 460, 150, 139, 132, 598, 455, 832, 863, 212, 116, 29, 489, 184, 674, 868, 576, 554, 459, 621, 19, 561, 420, 100, 75, 220, 836, 704, 864, 703, 31, 818, 264, 285, 828, 112, 171, 858, 636, 4, 886, 229, 296, 469, 829, 665, 638, 394, 495, 357, 485, 893, 739, 871, 963, 675, 548, 763, 317, 944, 646, 969, 547, 962, 338, 250, 639, 617, 341, 947, 265, 56, 714, 929, 747, 342, 289, 759, 678, 620, 761, 167, 156, 421, 298, 180, 700, 410, 194, 891, 468, 671, 473, 21, 270, 688, 676, 185, 307, 95, 130, 581, 293, 707, 278, 22, 226, 744, 666, 748, 481, 166, 346, 17, 347, 622, 491, 252, 266, 971, 18, 839, 327, 129, 464, 847, 304, 20, 845, 178, 201, 753, 701, 333, 882, 540, 949, 231, 880, 779, 227, 64, 33, 888, 417, 443, 44, 324, 2, 389, 571, 254, 641, 918, 340, 817, 474, 513, 67, 928, 272, 52, 968, 30, 745, 593, 177, 147, 497, 99, 92, 814, 9, 91, 953, 318, 24, 898, 838, 630, 314, 73, 643, 396, 662, 498, 40, 524, 566, 125, 570, 276, 798, 965, 822, 883, 445, 649, 374, 583, 248, 174, 393, 113, 78, 651, 197, 391, 550, 607, 467, 509, 183, 904, 70, 303, 37, 594, 591, 124, 515, 861, 414, 301, 873, 772, 261]
FALSE POSITIVES: [722, 743, 835, 694, 932, 684, 508, 569, 692, 716, 833, 500, 331, 488, 441, 879, 502, 778, 921, 366, 823, 875, 686, 794, 876, 852, 799, 255, 364, 122, 948, 885, 538, 867, 901, 626, 86, 857, 943, 644, 718, 870, 520, 559, 740, 525, 837, 363, 899, 785, 546, 377, 742, 756, 746, 937, 831, 418, 954, 35, 586, 503, 345, 302, 902, 925, 788, 616, 810, 961, 907, 562, 681, 919, 650, 614, 574, 951, 247, 575, 734, 846, 950, 409, 959, 711, 809, 801, 595, 924, 444, 786, 726, 46, 938, 884, 543, 750, 557, 713, 663, 903]
FALSE NEGATIVES[479, 26, 134, 175, 306, 821, 527, 243, 375, 457, 160, 625, 141, 135, 606, 120, 222, 545, 732, 425, 440, 25, 77, 452, 344, 158, 74, 596, 367, 240, 300, 560, 689, 632, 308, 602, 610, 599, 592]
CORRECT :[664, 43, 691, 930, 519, 522, 53, 673, 251, 710, 36, 805, 182, 516, 415, 102, 461, 549, 526, 564, 466, 238, 597, 128, 405, 326, 131, 765, 38, 851, 446, 856, 193, 531, 203, 267, 51, 966, 629, 54, 213, 934, 378, 149, 199, 352, 253, 642, 936, 297, 920, 361, 151, 453, 659, 751, 780, 555, 353, 553, 368, 315, 874, 323, 263, 49, 657, 218, 512, 321, 279, 427, 262, 518, 319, 228, 332, 94, 914, 322, 176, 887, 430, 173, 42, 478, 68, 967, 454, 784, 294, 669, 370, 76, 406, 733, 89, 844, 236, 808, 964, 273, 66, 600, 380, 537, 330, 859, 499, 191, 813, 556, 624, 878, 618, 245, 351, 277, 148, 1, 179, 390, 157, 219, 568, 241, 365, 257, 372, 320, 164, 572, 533, 242, 775, 797, 541, 660, 339, 103, 256, 834, 480, 121, 392, 458, 431, 407, 397, 757, 271, 230, 6, 534, 232, 381, 609, 198, 284, 463, 865, 812, 205, 337, 530, 32, 777, 695, 126, 376, 690, 917, 140, 539, 58, 47, 652, 138, 717, 359, 658, 45, 111, 114, 645, 399, 693, 752, 400, 299, 909, 637, 239, 552, 159, 558, 889, 41, 790, 3, 202, 244, 725, 514, 803, 39, 87, 419, 433, 206, 782, 654, 573, 781, 295, 343, 413, 90, 551, 501, 291, 428, 628, 465, 741, 774, 608, 379, 133, 424, 395, 601, 57, 8, 334, 207, 762, 211, 127, 627, 892, 482, 470, 189, 55, 313, 755, 789, 916, 371, 811, 274, 946, 758, 259, 679, 800, 181, 186, 398, 705, 490, 769, 50, 749, 631, 328, 115, 329, 702, 165, 770, 866, 881, 350, 492, 71, 776, 403, 842, 7, 123, 309, 456, 429, 137, 724, 48, 382, 416, 258, 915]
