no stemmer
MODEL A
TRAINING ARTICLES: [878, 475, 409, 21, 218, 739, 429, 583, 573, 764, 17, 476, 537, 303, 641, 382, 265, 395, 33, 643, 942, 627, 101, 716, 180, 57, 410, 711, 205, 664, 919, 368, 599, 228, 219, 18, 554, 694, 400, 662, 254, 610, 439, 283, 667, 837, 2, 112, 446, 317, 66, 625, 836, 244, 301, 47, 673, 846, 489, 128, 629, 369, 362, 710, 809, 126, 533, 829, 398, 934, 194, 253, 669, 456, 844, 473, 671, 397, 73, 715, 777, 138, 156, 838, 241, 703, 961, 189, 688, 959, 630, 6, 246, 479, 24, 9, 899, 88, 402, 758, 186, 64, 769, 371, 23, 761, 965, 403, 290, 921, 628, 842, 651, 924, 882, 364, 557, 454, 596, 399, 896, 318, 543, 202, 352, 817, 49, 328, 513, 772, 87, 723, 509, 645, 287, 41, 124, 443, 99, 420, 304, 71, 468, 575, 70, 174, 821, 223, 512, 791, 714, 786, 3, 944, 781, 538, 926, 467, 516, 177, 839, 593, 316, 744, 751, 322, 44, 794, 442, 507, 309, 114, 289, 326, 704, 705, 799, 898, 556, 491, 1, 731, 428, 499, 902, 561, 560, 430, 69, 496, 514, 742, 963, 427, 572, 344, 102, 928, 602, 607, 35, 134, 623, 748, 201, 637, 453, 359, 861, 693, 644, 413, 531, 885, 255, 492, 113, 250, 178, 718, 933, 150, 908, 732, 120, 339, 798, 365, 381, 37, 104, 358, 879, 851, 361, 278, 762, 165, 530, 675, 652, 707, 243, 663, 48, 444, 920, 131, 759, 600, 67, 552, 203, 874, 267, 351, 780, 916, 293, 724, 678, 297, 419, 534, 36, 46, 264, 638, 852, 366, 103, 123, 7, 343, 866, 903, 601, 734, 50, 943, 19, 68, 622, 173, 135, 801, 873, 478, 252, 55, 725, 490, 257, 833, 470, 917, 273, 22, 315, 925]
FALSE POSITIVES: [567, 574, 488, 806, 247, 524, 341, 814, 835, 502, 831, 681, 747, 937, 828, 845, 285, 355, 687, 950, 612, 883, 532, 354, 746, 650, 949, 827, 938, 947, 788, 613, 546, 345, 810, 692, 569, 784, 971, 636, 956, 886, 857, 969, 271, 571, 932, 863, 284, 333, 508, 441, 396, 948, 469, 526, 331, 756, 539, 964, 962, 666, 726, 340, 778, 722, 901, 455, 823, 611, 967, 621, 869, 525, 907, 595, 750, 86, 867, 834, 562, 713, 110, 363, 576, 686, 551, 464, 497, 684, 875, 951, 665, 586, 598, 122, 649, 626, 870, 550, 520, 876, 302, 745, 40, 503, 418, 248, 231, 676, 559, 132, 753, 540, 953, 785, 968, 408, 614, 754, 653, 954, 887, 884, 500, 276, 848, 945, 832, 474]
FALSE NEGATIVES[374, 74, 75, 249, 421, 515, 635, 175, 300, 880, 160, 440, 179, 619, 222, 158, 357, 606, 26, 20, 25, 548, 306, 308, 185, 545, 141, 183, 375, 272, 527, 425, 77]
CORRECT :[207, 56, 414, 592, 865, 206, 712, 466, 417, 157, 888, 616, 240, 226, 966, 291, 199, 34, 486, 847, 654, 323, 891, 881, 700, 544, 279, 618, 90, 166, 232, 929, 405, 657, 805, 43, 319, 749, 92, 568, 38, 782, 871, 332, 522, 893, 915, 261, 765, 458, 553, 76, 459, 121, 176, 594, 140, 89, 859, 251, 889, 581, 65, 188, 262, 259, 864, 521, 139, 431, 570, 930, 485, 406, 461, 378, 584, 338, 566, 236, 763, 31, 53, 460, 8, 660, 615, 689, 389, 181, 193, 164, 299, 198, 245, 946, 812, 690, 330, 372, 390, 862, 482, 129, 415, 327, 755, 296, 519, 733, 856, 295, 227, 797, 480, 800, 391, 392, 274, 394, 292, 914, 843, 307, 451, 558, 646, 407, 495, 463, 191, 133, 680, 220, 547, 416, 42, 658, 30, 717, 541, 424, 94, 125, 29, 702, 334, 774, 95, 211, 4, 632, 501, 350, 803, 631, 184, 775, 147, 498, 115, 58, 204, 197, 32, 238, 776, 789, 564, 347, 695, 324, 609, 393, 380, 130, 617, 212, 167, 608, 462, 270, 597, 320, 39, 457, 377, 679, 822, 52, 367, 701, 51, 127, 565, 743, 294, 314, 465, 757, 313, 105, 329, 149, 229, 639, 620, 277, 808, 258, 481, 452, 659, 892, 266, 591, 818, 858, 376, 370, 137, 741, 213, 148, 445, 918, 379, 624, 242, 432, 342, 517, 752, 779, 159, 549, 909, 740, 230, 171, 256, 54, 555, 239, 433, 100, 868, 78, 346, 518, 936, 91, 904, 263, 642, 691, 790, 151, 116, 321, 811, 182, 337, 770, 353, 111, 813, 298, 45, 890]
MODEL B
TRAINING ARTICLES: [428, 240, 419, 775, 673, 904, 705, 715, 822, 691, 475, 638, 244, 556, 308, 415, 527, 596, 755, 212, 367, 402, 839, 600, 701, 357, 320, 609, 591, 917, 92, 602, 624, 777, 583, 798, 548, 369, 800, 628, 688, 769, 376, 425, 279, 744, 679, 134, 427, 272, 908, 789, 433, 561, 101, 430, 751, 104, 930, 914, 466, 759, 249, 179, 185, 610, 739, 829, 243, 183, 75, 689, 456, 858, 315, 222, 549, 859, 201, 141, 749, 432, 175, 593, 615, 645, 871, 566, 629, 724, 620, 714, 431, 515, 533, 407, 541, 797, 573, 380]
FALSE POSITIVES: [763, 654, 264, 821, 780, 675, 452, 733, 888, 707, 618, 933, 891, 752, 866, 741, 774, 710, 813, 642, 818, 717, 847, 65, 758, 565, 606, 934, 842, 695]
FALSE NEGATIVES[77, 306, 20, 599, 457, 765, 584, 568, 632, 374, 135, 300, 278]
CORRECT :[545, 630, 966, 365, 619, 664, 560, 635, 570, 460, 643, 480, 120, 26, 254, 572, 303, 397, 479, 631, 703, 318, 693, 808, 776, 344, 421, 732, 519, 680, 864, 909, 461, 393, 812, 375, 889, 702, 463, 406, 274, 259, 639, 936, 625, 772, 478, 24, 748, 874, 811, 25, 304, 399, 843, 265, 929, 158, 160, 258, 880, 782, 322, 194, 74, 359, 641, 370, 762, 690, 627, 592, 723, 757, 368, 150]
