no stemmer
MODEL A
TRAINING ARTICLES: [427, 400, 934, 301, 89, 52, 686, 570, 222, 687, 725, 622, 390, 653, 277, 875, 270, 508, 8, 295, 784, 868, 430, 775, 287, 638, 17, 629, 18, 156, 41, 712, 343, 576, 417, 76, 963, 167, 252, 741, 665, 241, 19, 530, 414, 326, 628, 112, 376, 36, 66, 834, 543, 396, 823, 259, 723, 831, 800, 213, 227, 763, 408, 904, 456, 236, 943, 71, 956, 205, 391, 673, 34, 285, 323, 293, 663, 421, 707, 320, 584, 344, 203, 247, 718, 485, 866, 884, 965, 73, 278, 808, 607, 486, 95, 150, 828, 3, 837, 781, 67, 116, 359, 77, 441, 240, 372, 951, 99, 942, 600, 540, 353, 175, 592, 705, 300, 257, 554, 657, 316, 55, 946, 964, 124, 619, 432, 650, 926, 531, 53, 389, 863, 938, 562, 22, 45, 39, 690, 362, 382, 47, 520, 394, 29, 276, 514, 921, 345, 774, 56, 399, 44, 611, 512, 492, 932, 333, 299, 365, 497, 953, 468, 614, 482, 799, 315, 464, 891, 829, 74, 811, 114, 694, 184, 490, 691, 265, 874, 242, 770, 204, 936, 110, 197, 258, 753, 769, 790, 228, 643, 678, 137, 789, 151, 794, 715, 31, 519, 567, 862, 746, 967, 881, 642, 113, 189, 541, 924, 50, 839, 160, 499, 289, 198, 500, 351, 470, 961, 662, 352, 6, 556, 748, 659, 777, 553, 948, 646, 243, 331, 207, 564, 525, 843, 219, 251, 593, 680, 369, 424, 218, 64, 375, 574, 620, 139, 327, 246, 852, 86, 158, 623, 201, 173, 267, 890, 78, 744, 178, 397, 569, 88, 443, 674, 733, 23, 901, 779, 873, 704, 757, 903, 870, 612, 174, 467, 814, 111, 371, 909, 284, 558, 220, 782, 179, 749, 654, 602, 141, 406, 666, 944, 70, 626, 632, 742, 307, 791, 745]
FALSE POSITIVES: [255, 833, 848, 750, 861, 971, 521, 801, 845, 363, 835, 532, 191, 786, 40, 713, 947, 231, 681, 649, 810, 586, 524, 716, 474, 899, 488, 879, 788, 35, 968, 896, 538, 778, 469, 761, 667, 418, 595, 503, 969, 817, 711, 722, 907, 919, 132, 885, 616, 455, 366, 809, 473, 928, 846, 876, 340, 945, 959, 546, 502, 747, 962, 444, 271, 836, 764, 867, 684, 621, 869, 806, 756, 550, 636, 575, 364, 754, 734, 559, 557, 539, 676, 613, 882, 598, 785, 857, 409, 692, 902, 46, 341, 122, 937, 644, 950, 832]
FALSE NEGATIVES[433, 610, 26, 527, 452, 75, 194, 908, 306, 566, 545, 134, 425, 101, 367, 272, 625, 25, 308, 357, 402, 374, 635, 120, 135, 183, 515, 821, 880, 322, 732, 249, 548, 599, 185, 560, 689, 440]
CORRECT :[51, 442, 176, 475, 181, 726, 489, 304, 651, 378, 459, 393, 283, 165, 2, 513, 206, 893, 403, 410, 717, 395, 675, 65, 419, 954, 415, 314, 549, 606, 658, 296, 266, 91, 263, 537, 7, 466, 509, 822, 660, 568, 597, 127, 256, 883, 229, 522, 929, 104, 507, 188, 253, 212, 641, 544, 552, 501, 140, 43, 702, 664, 652, 762, 87, 4, 230, 462, 639, 121, 851, 624, 171, 166, 223, 211, 596, 555, 844, 321, 914, 100, 149, 416, 238, 889, 147, 392, 805, 128, 309, 115, 164, 292, 318, 797, 329, 478, 126, 669, 818, 695, 244, 21, 90, 481, 102, 49, 871, 547, 264, 461, 317, 813, 313, 847, 202, 405, 516, 159, 591, 920, 428, 9, 714, 68, 518, 886, 703, 358, 57, 583, 262, 463, 772, 123, 250, 294, 48, 42, 476, 966, 445, 480, 780, 534, 1, 20, 743, 933, 291, 916, 407, 752, 347, 377, 261, 54, 739, 618, 133, 495, 346, 354, 679, 693, 431, 429, 420, 370, 949, 572, 755, 33, 254, 182, 298, 342, 193, 533, 631, 454, 925, 898, 380, 232, 573, 812, 701, 864, 700, 381, 30, 180, 671, 131, 248, 526, 453, 460, 458, 328, 129, 297, 274, 888, 608, 645, 186, 594, 798, 465, 32, 740, 759, 58, 776, 439, 571, 413, 177, 324, 479, 609, 630, 24, 892, 334, 615, 710, 751, 887, 103, 125, 859, 239, 724, 581, 379, 330, 517, 199, 451, 148, 355, 138, 245, 917, 279, 130, 765, 803, 865, 303, 332, 339, 368, 878, 838, 273, 918, 319, 915, 627, 92, 731, 858, 842, 338, 350, 361, 105, 94, 601, 930, 637, 561, 226, 337, 38, 157, 565, 302, 446, 398, 491, 457, 758, 551, 688, 827, 856, 496, 617, 290, 498, 37]
MODEL B
TRAINING ARTICLES: [544, 857, 831, 929, 120, 276, 274, 614, 642, 287, 630, 308, 272, 601, 391, 445, 86, 134, 751, 7, 947, 763, 355, 907, 100, 250, 359, 35, 222, 320, 218, 903, 476, 732, 651, 90, 346, 822, 885, 171, 759, 868, 833, 873, 643, 415, 323, 188, 836, 637, 377, 396, 770, 258, 486, 692, 761, 1, 418, 205, 375, 518, 245, 64, 915, 606, 742, 444, 678, 453, 902, 778, 613, 330, 294, 933, 457, 561, 337, 870, 920, 569, 499, 297, 654, 842, 461, 741, 679, 300, 965, 558, 641, 462, 876, 89, 798, 132, 87, 33, 552, 652, 843, 890, 284, 442, 782, 828, 340, 301, 244, 226, 20, 213, 307, 488, 835, 812, 522, 329, 758, 382, 403, 376, 681, 303, 42, 774, 177, 649, 864, 859, 899, 686, 888, 468, 165, 31, 892, 475, 503, 21, 564, 948, 762, 846, 805, 821, 398, 229, 103, 586, 884, 790, 881, 406, 198, 786, 712, 607, 852, 724, 847, 731, 430, 942, 70, 666, 502, 440, 524, 733, 26, 113, 962, 18, 2, 772, 318, 413, 428, 813, 593, 723, 808, 3, 427, 455, 959, 814, 781, 657, 779, 936, 247, 636, 176, 757, 110, 131, 249, 459, 646, 197, 966, 201, 485, 443, 680, 246, 765, 780, 339, 255, 178, 944, 851, 848, 65, 365, 54, 55, 133, 898, 101, 650, 788, 691, 248, 541, 137, 688, 785, 58, 714, 30, 916, 924, 95, 621, 797, 254, 749, 839, 446, 803, 9, 243, 76, 500, 829, 416, 470, 817, 361, 748, 865, 467, 230, 534, 8, 949, 550, 331, 875, 327, 777, 332, 490, 464, 837, 928, 94, 574, 32, 667, 366, 617, 39, 262, 78, 112, 703, 362, 938, 726, 618, 608, 125, 626, 956, 51, 242, 185, 612, 610, 597, 393, 364, 908]
FALSE POSITIVES: [734, 191, 950, 474, 750, 557, 823, 753, 794, 554, 764, 684, 543, 747, 716, 598, 532, 882, 231, 363, 207, 441, 832, 623, 567, 754, 674, 46, 687, 575, 951, 961, 122, 926, 799, 501, 257, 756, 711, 745, 663, 540, 559, 256, 971, 345, 408, 845, 616, 713, 236, 481, 704, 806, 497, 676, 937, 316, 746, 347, 40, 943, 869, 867, 409, 546, 469, 492, 863, 969, 562, 953, 963, 932, 809, 901, 644, 473, 694, 271, 919, 718, 810, 722, 879, 861, 333]
FALSE NEGATIVES[452, 880, 175, 306, 425, 619, 592, 527, 573, 25, 602, 265, 635, 150, 77, 583, 599, 74, 141, 357, 545, 515, 179, 625, 322, 369, 560, 158, 548, 75, 160, 374, 689, 135, 421, 566, 183, 556]
CORRECT :[463, 707, 45, 645, 180, 516, 482, 775, 465, 17, 700, 48, 149, 264, 129, 354, 565, 665, 968, 116, 891, 615, 627, 456, 4, 29, 44, 309, 204, 49, 570, 34, 73, 551, 166, 241, 675, 67, 92, 19, 402, 874, 353, 715, 466, 827, 909, 519, 314, 399, 193, 405, 508, 866, 420, 609, 372, 164, 23, 531, 478, 702, 862, 379, 594, 945, 752, 537, 53, 88, 380, 259, 431, 148, 71, 479, 105, 946, 917, 296, 498, 769, 930, 595, 801, 887, 114, 43, 871, 791, 539, 173, 460, 893, 56, 424, 227, 370, 57, 918, 298, 126, 328, 624, 659, 954, 547, 367, 669, 507, 47, 591, 662, 818, 371, 228, 157, 341, 124, 789, 147, 283, 212, 533, 240, 925, 343, 381, 167, 454, 695, 664, 538, 480, 140, 184, 156, 400, 414, 38, 291, 266, 267, 451, 290, 313, 302, 743, 755, 889, 600, 584, 921, 319, 130, 705, 111, 66, 99, 517, 632, 123, 432, 206, 174, 653, 270, 199, 52, 631, 496, 904, 495, 710, 407, 433, 417, 392, 934, 351, 194, 693, 182, 555, 886, 776, 838, 458, 253, 239, 273, 289, 740, 571, 658, 568, 338, 878, 581, 203, 378, 491, 128, 395, 138, 844, 115, 858, 530, 342, 368, 739, 181, 883, 410, 321, 358, 525, 671, 219, 513, 36, 352, 576, 690, 293, 285, 278, 315, 139, 811, 50, 620, 397, 277, 914, 834, 896, 6, 202, 324, 238, 317, 419, 326, 24, 638, 489, 549, 22, 701, 304, 223, 509, 856, 800, 660, 344, 232, 127, 189, 526, 628, 350, 334, 725, 964, 252, 279, 596, 784, 159, 220, 572, 520, 629, 389, 37, 68, 622, 121, 263, 186, 261, 390, 673, 521, 41, 553, 211, 292, 295, 611, 439, 512, 102, 394, 151, 299, 251, 429, 514, 967, 744, 639, 717, 91, 104]
