Results of Lexis Model generated : 2013-12-08
_______________________________________
Defualt: description 

MODEL A: is_relvent variable, trained on 350 (50% of total) random articles
TRAINING ARTICLES: [769, 803, 137, 559, 844, 705, 775, 469, 211, 162, 280, 724, 607, 292, 819, 597, 323, 417, 437, 699, 901, 140, 176, 132, 282, 816, 181, 883, 411, 935, 210, 646, 462, 472, 609, 832, 951, 891, 436, 105, 144, 21, 2, 294, 625, 361, 875, 100, 206, 666, 716, 546, 562, 746, 158, 513, 242, 856, 672, 368, 20, 711, 831, 677, 847, 387, 744, 320, 98, 905, 628, 860, 923, 702, 825, 583, 347, 723, 12, 936, 561, 669, 44, 392, 865, 741, 339, 671, 79, 264, 367, 202, 524, 470, 240, 940, 511, 307, 55, 59, 619, 824, 353, 833, 43, 390, 928, 17, 912, 662, 327, 278, 13, 115, 525, 580, 617, 346, 66, 466, 314, 636, 63, 920, 789, 452, 927, 40, 322, 531, 913, 143, 303, 944, 168, 22, 383, 57, 679, 231, 906, 83, 399, 829, 139, 649, 285, 423, 391, 550, 629, 498, 90, 497, 514, 272, 342, 35, 18, 65, 700, 312, 880, 445, 225, 932, 4, 730, 32, 851, 558, 568, 127, 67, 585, 694, 224, 123, 198, 177, 760, 486, 962, 515, 161, 207, 406, 504, 379, 576, 179, 175, 501, 933, 290, 244, 480, 357, 64, 840, 42, 273, 398, 120, 287, 732, 204, 405, 698, 47, 733, 482, 434, 309, 371, 970, 249, 897, 86, 648, 958, 152, 298, 598, 378, 304, 909, 712, 544, 848, 839, 719, 823, 659, 374, 787, 526, 783, 234, 763, 755, 134, 247, 965, 343, 435, 791, 500, 726, 189, 313, 721, 757, 539, 133, 34, 268, 455, 814, 765, 253, 639, 751, 92, 334, 174, 613, 584, 344, 892, 955, 800, 335, 146, 135, 28, 734, 397, 302, 714, 450, 917, 451, 41, 773, 276, 325, 155, 7, 484, 939, 964, 810, 250, 626, 947, 532, 340, 422, 647, 117, 828, 836, 710, 352, 425, 688, 846, 448, 386, 637, 263, 69, 300, 337, 338, 963, 444, 768, 654, 258, 761, 102, 91, 728, 627, 652, 849, 779, 850, 109, 138, 943, 548, 749, 201, 946, 896, 141, 311, 972, 612, 136, 348, 799, 915, 852, 842, 682, 116]
FALSE POSITIVES: [537, 835, 747, 886, 197, 968, 953, 239, 414, 879, 316, 750, 341, 487, 271, 187, 686, 586, 358, 490, 587, 954, 395, 491, 884, 331, 863, 522, 794, 534, 389, 937, 454, 46, 743, 869, 817, 614, 740, 706, 969, 199, 128, 674, 420, 959, 297, 492, 464, 248, 569, 663, 893, 788, 554, 718, 785, 575, 594, 926, 516, 488, 426, 507, 441, 330, 467, 667, 350, 372, 473, 557, 611, 692, 496, 861, 474, 413, 623, 876, 902, 882, 182, 754, 650, 887, 459, 518, 919, 621, 394, 720, 429, 191, 967, 396, 918, 916, 786, 601, 129, 345, 236, 495, 351, 738, 553, 778, 424, 608, 520, 404, 806, 949, 538, 971, 453, 400, 737, 885, 284, 781, 517, 653, 408, 838, 925, 764, 924, 873, 326, 582, 255, 543, 956, 508, 476, 657, 827, 676, 416, 857, 868, 283, 256, 961, 363, 658, 867, 499, 465, 870, 771, 805, 938, 485, 364, 563, 481, 942, 622, 713, 704, 945, 756, 540, 551, 354, 948, 232, 684, 665, 895, 681, 834, 921, 377, 907, 809, 477, 401, 286, 725, 745, 890, 616, 366, 489, 410, 332, 841, 555, 651, 845, 722, 409, 784, 301, 159, 223, 801, 355, 574, 898, 502, 257, 48, 753, 571, 333, 99, 872, 564, 837, 381, 903, 899, 742, 644, 687, 443, 661, 503, 122, 567, 595, 418, 950, 110]
FALSE NEGATIVES[599, 265, 874, 822, 25, 160, 74, 101, 26, 75, 77]
CORRECT :[222, 178, 220, 262, 376, 27, 592, 542, 808, 68, 620, 97, 89, 14, 349, 16, 782, 73, 461, 188, 319, 624, 233, 49, 759, 29, 578, 407, 632, 812, 246, 960, 30, 695, 888, 795, 121, 510, 774, 217, 94, 556, 183, 727, 871, 216, 642, 643, 693, 506, 877, 640, 427, 24, 171, 605, 113, 76, 911, 780, 402, 267, 468, 691, 854, 966, 279, 147, 929, 588, 219, 131, 230, 479, 807, 603, 796, 433, 58, 261, 618, 167, 209, 634, 862, 215, 270, 153, 748, 813, 208, 696, 438, 289, 552, 6, 173, 798, 375, 52, 941, 772, 735, 577, 227, 78, 252, 421, 165, 573, 683, 5, 859, 218, 797, 194, 419, 80, 908, 384, 494, 894, 81, 142, 385, 180, 528, 505, 169, 3, 655, 288, 709, 442, 130, 572, 205, 460, 864, 31, 259, 149, 156, 164, 790, 483, 39, 296, 512, 365, 317, 914, 235, 610, 163, 910, 170, 566, 241, 45, 310, 815, 172, 295, 458, 254, 430, 33, 690, 432, 108, 195, 776, 245, 321, 111, 900, 281, 356, 547, 630, 37, 579, 96, 736, 449, 150, 792, 878, 509, 535, 15, 103, 277, 412, 186, 324, 359, 214, 238, 596, 685, 38, 541, 656, 922, 85, 184, 11, 23, 853, 457, 382, 104, 904, 530, 533, 60, 106, 703, 95, 370, 185, 689, 403, 471, 519, 811, 243, 61, 660, 166, 463, 708, 229, 315, 251, 602, 570, 581, 119, 196, 858, 707, 762, 393, 200, 930, 228, 212, 802, 717, 213, 107, 306, 328, 291, 604, 373, 299, 881, 10, 818, 678, 521, 203, 777, 369, 731, 545, 192, 388, 154, 415, 680, 151, 549, 71, 866, 529, 226, 428, 675, 664, 329, 793, 54, 593, 439, 124, 70, 456, 645, 88, 36, 668, 440, 221, 56, 589, 821, 855, 635, 952, 148, 446, 758, 157, 767, 536, 615, 493, 826, 889, 591, 670, 305, 114, 830, 53, 631, 478, 606, 1, 729, 260, 274, 590, 673, 697, 380, 125, 820, 87, 318, 527, 447, 266, 293, 126, 475, 50, 957, 336, 19, 934, 118, 638, 82, 600, 51, 715, 9, 237, 8, 362, 565, 701, 308, 641, 739, 193, 112, 190, 843, 770, 431, 93, 766, 633, 275, 752]
MODEL B: is_factchecking varaible, trained on 100 (50% of total) random articles
TRAINING ARTICLES: [431, 703, 92, 679, 425, 811, 813, 759, 548, 457, 141, 572, 610, 249, 780, 593, 966, 265, 775, 821, 638, 278, 755, 104, 673, 624, 880, 258, 365, 194, 936, 402, 639, 479, 158, 808, 628, 707, 891, 556, 909, 645, 889, 515, 691, 568, 573, 75, 789, 570, 150, 591, 748, 222, 765, 818, 664, 693, 822, 705, 399, 274, 609, 77, 933, 917, 763, 752, 254, 732, 368, 545, 930, 541, 839, 724, 419, 774, 466, 776, 762, 782, 393, 642, 680, 183, 859, 120, 240, 315, 369, 380, 606, 866, 160, 244, 25, 134, 320, 643]
FALSE POSITIVES: [758, 888, 415, 733, 264, 376, 565, 654, 717, 620, 65, 741, 675, 797, 904, 858, 710, 842, 561, 847, 596, 695, 934, 428, 829, 751]
FALSE NEGATIVES[463, 374, 135, 201, 599, 20, 632, 602, 101, 689, 308, 300]
CORRECT :[212, 714, 304, 440, 600, 185, 407, 397, 629, 259, 303, 475, 432, 243, 533, 690, 566, 631, 914, 715, 635, 739, 630, 812, 344, 584, 615, 627, 24, 871, 757, 460, 452, 430, 527, 359, 175, 272, 456, 744, 641, 625, 406, 800, 549, 357, 583, 723, 864, 618, 318, 322, 370, 908, 478, 427, 701, 26, 688, 279, 560, 375, 74, 480, 929, 777, 874, 433, 461, 772, 367, 619, 592, 769, 702, 519, 843, 421, 306, 749, 179]

_________________________________________________

StopList: description 

MODEL A: is_relvent variable, trained on 350 (50% of total) random articles
TRAINING ARTICLES: [532, 789, 536, 944, 817, 661, 662, 968, 948, 918, 843, 135, 880, 893, 906, 716, 51, 52, 874, 476, 189, 846, 654, 546, 494, 638, 365, 86, 545, 247, 122, 297, 311, 160, 706, 272, 960, 650, 59, 226, 334, 762, 327, 790, 324, 231, 101, 54, 653, 466, 818, 550, 791, 98, 483, 422, 747, 253, 748, 244, 457, 910, 363, 28, 314, 606, 44, 919, 700, 201, 482, 572, 555, 730, 624, 307, 85, 180, 320, 103, 219, 111, 596, 723, 520, 126, 607, 447, 41, 117, 182, 838, 504, 840, 248, 285, 436, 258, 862, 449, 250, 97, 301, 681, 521, 915, 558, 29, 958, 923, 64, 46, 498, 579, 646, 119, 778, 514, 761, 641, 598, 463, 807, 563, 261, 465, 538, 133, 708, 30, 949, 281, 812, 290, 687, 695, 830, 477, 35, 413, 556, 734, 691, 533, 384, 63, 380, 486, 854, 435, 391, 73, 858, 138, 406, 879, 121, 395, 582, 88, 511, 287, 877, 178, 223, 357, 925, 610, 341, 212, 672, 531, 673, 233, 929, 249, 890, 299, 128, 257, 745, 452, 768, 38, 959, 769, 473, 739, 920, 493, 387, 278, 427, 337, 243, 492, 788, 819, 677, 252, 947, 474, 525, 605, 539, 267, 397, 847, 400, 134, 102, 294, 408, 833, 784, 151, 163, 628, 696, 162, 265, 450, 284, 256, 901, 92, 170, 234, 609, 210, 108, 313, 631, 91, 192, 69, 394, 338, 824, 115, 835, 18, 274, 3, 889, 885, 524, 964, 105, 712, 581, 352, 289, 647, 603, 517, 623, 214, 241, 715, 50, 894, 502, 663, 815, 622, 87, 593, 113, 853, 409, 591, 109, 197, 404, 814, 725, 175, 861, 472, 225, 851, 10, 124, 467, 702, 688, 179, 500, 71, 679, 616, 753, 283, 24, 678, 586, 154, 967, 794, 277, 914, 490, 489, 648, 908, 414, 374, 203, 865, 926, 903, 848, 136, 369, 167, 478, 347, 65, 325, 626, 356, 1, 697, 415, 882, 57, 592, 564, 330, 883, 412, 438, 232, 322, 56, 193, 255, 675, 282, 123, 899, 89, 940, 308, 951, 426, 237, 448, 359]
FALSE POSITIVES: [665, 834, 942, 938, 547, 803, 559, 355, 823, 711, 810, 832, 508, 740, 636, 595, 459, 441, 694, 764, 444, 771, 354, 608, 340, 699, 410, 844, 585, 501, 884, 177, 805, 366, 876, 513, 827, 401, 420, 671, 612, 754, 961, 720, 956, 543, 198, 726, 587, 298, 887, 99, 499, 554, 649, 40, 962, 692, 534, 333, 863, 567, 451, 621, 945, 684, 652, 801, 896, 67, 597, 497, 361, 540, 886, 331, 743, 969, 870, 869, 379, 943, 785, 756, 276, 742, 875, 738, 667, 666, 562, 902, 364, 316, 491, 713, 485, 495, 575, 852, 503, 657, 110, 873, 487, 828, 895, 48, 921, 907, 601, 574, 571, 932, 390, 722, 396, 488, 867, 611, 350, 806, 676, 377, 937, 841, 326, 836, 686, 809, 358, 950, 928, 345, 576, 617, 302, 963, 837, 674, 614, 236, 613, 271, 954, 469, 443, 971, 351, 481, 518, 644, 946, 132, 953, 551, 746, 857, 831, 557, 799, 372, 464, 924, 462, 455, 786, 207, 317, 651, 569, 750, 454, 965, 916, 418, 424, 704, 892, 718, 845, 507]
FALSE NEGATIVES[548, 421, 26, 515, 560, 74, 77, 185, 527, 120, 75, 822, 158, 440, 25, 183, 732, 599, 20]
CORRECT :[143, 721, 173, 371, 15, 816, 275, 95, 787, 328, 757, 689, 935, 774, 385, 336, 972, 130, 719, 900, 872, 526, 239, 911, 220, 245, 460, 4, 793, 368, 528, 79, 353, 714, 479, 897, 16, 639, 381, 775, 224, 319, 629, 188, 186, 309, 315, 161, 439, 215, 22, 9, 221, 34, 199, 856, 737, 58, 222, 171, 510, 254, 909, 235, 642, 580, 293, 240, 42, 213, 147, 795, 670, 159, 349, 382, 332, 821, 195, 881, 939, 49, 668, 208, 45, 634, 505, 842, 541, 584, 709, 529, 855, 118, 707, 392, 419, 433, 685, 936, 5, 655, 429, 61, 165, 7, 590, 386, 174, 561, 389, 645, 432, 6, 632, 140, 717, 800, 153, 323, 733, 416, 36, 930, 868, 773, 229, 578, 12, 763, 407, 758, 912, 659, 202, 637, 690, 251, 957, 933, 905, 453, 335, 2, 589, 640, 156, 770, 825, 21, 779, 141, 522, 286, 537, 749, 209, 196, 736, 553, 468, 100, 813, 643, 780, 263, 37, 955, 32, 600, 125, 430, 321, 339, 751, 660, 625, 752, 922, 148, 169, 506, 766, 583, 114, 656, 206, 137, 741, 27, 187, 428, 343, 755, 776, 306, 200, 300, 227, 442, 820, 13, 760, 129, 619, 417, 792, 568, 703, 166, 402, 941, 635, 888, 149, 19, 891, 627, 456, 496, 480, 260, 744, 288, 279, 398, 565, 839, 904, 549, 318, 146, 864, 47, 14, 190, 664, 367, 246, 388, 724, 615, 66, 259, 552, 797, 530, 796, 296, 172, 305, 767, 60, 403, 423, 39, 618, 378, 735, 446, 55, 312, 81, 204, 913, 216, 811, 127, 53, 698, 376, 68, 116, 144, 262, 23, 577, 181, 184, 264, 878, 11, 434, 194, 310, 966, 566, 431, 270, 445, 342, 176, 425, 155, 727, 268, 683, 139, 329, 43, 783, 131, 142, 680, 346, 90, 437, 375, 927, 509, 205, 152, 82, 781, 383, 8, 535, 777, 304, 542, 588, 280, 471, 292, 470, 17, 658, 705, 295, 512, 78, 31, 633, 370, 228, 710, 157, 112, 871, 106, 291, 411, 860, 630, 93, 859, 461, 94, 266, 76, 573, 211, 107, 772, 393, 570, 230, 238, 604, 682, 693, 669, 519, 701, 802, 850, 782, 373, 808, 217, 242, 728, 484, 303, 544, 729, 405, 765, 83, 829, 399, 826, 362, 96, 273, 798, 952, 150, 866, 104, 191, 970, 759, 620, 849, 218, 344, 70, 33, 731, 917, 516, 602, 898, 168, 348, 164, 934, 475, 458, 80]
MODEL B: is_factchecking varaible, trained on 100 (50% of total) random articles
TRAINING ARTICLES: [320, 380, 889, 566, 641, 515, 584, 318, 421, 966, 433, 243, 874, 406, 741, 777, 344, 457, 561, 748, 599, 212, 548, 456, 936, 304, 600, 818, 759, 565, 610, 264, 714, 431, 914, 842, 24, 374, 240, 645, 399, 780, 402, 859, 934, 591, 370, 254, 891, 201, 556, 782, 847, 654, 461, 568, 723, 620, 769, 618, 800, 858, 609, 183, 432, 843, 864, 222, 717, 104, 933, 710, 812, 26, 635, 664, 904, 572, 624, 322, 375, 625, 20, 367, 249, 244, 258, 703, 185, 673, 871, 541, 475, 478, 811, 306, 92, 822, 545, 755]
FALSE POSITIVES: [74, 763, 428, 733, 415, 888, 707, 65, 752, 695, 606, 732, 596, 675, 774, 821, 930, 175, 357, 724, 813, 797, 751, 839, 866, 829, 593, 452, 758]
FALSE NEGATIVES[101, 135, 632, 689, 602, 134, 300]
CORRECT :[75, 693, 407, 573, 427, 775, 463, 359, 631, 480, 303, 527, 393, 272, 808, 179, 265, 466, 776, 368, 279, 570, 376, 638, 460, 917, 627, 419, 643, 629, 440, 715, 628, 77, 141, 691, 701, 592, 479, 425, 150, 680, 397, 120, 274, 880, 630, 929, 798, 315, 762, 757, 194, 688, 158, 583, 619, 739, 705, 909, 519, 772, 369, 789, 160, 690, 642, 549, 702, 365, 278, 560, 615, 749, 430, 25, 679, 259, 639, 908, 744, 765, 533]

_________________________________________________

Basic_stemming_only: description 

MODEL A: is_relvent variable, trained on 350 (50% of total) random articles
TRAINING ARTICLES: [630, 922, 427, 858, 654, 308, 792, 615, 899, 729, 4, 219, 580, 758, 100, 753, 228, 704, 441, 170, 434, 772, 875, 64, 66, 112, 163, 517, 730, 6, 617, 867, 608, 140, 98, 435, 217, 249, 187, 477, 401, 791, 807, 935, 268, 588, 702, 233, 616, 771, 29, 252, 346, 756, 940, 808, 86, 408, 307, 604, 535, 481, 546, 917, 118, 749, 421, 302, 19, 96, 449, 682, 530, 201, 728, 109, 405, 550, 536, 2, 930, 646, 111, 555, 430, 77, 393, 670, 853, 914, 740, 889, 394, 826, 70, 446, 42, 185, 721, 748, 855, 759, 246, 420, 158, 910, 277, 291, 828, 657, 177, 93, 641, 929, 642, 892, 904, 583, 406, 325, 678, 321, 472, 165, 442, 152, 862, 565, 712, 59, 655, 956, 744, 189, 363, 519, 303, 541, 842, 534, 827, 513, 300, 115, 148, 628, 909, 234, 852, 897, 673, 567, 788, 606, 552, 310, 662, 908, 491, 335, 800, 939, 464, 281, 374, 779, 333, 208, 45, 331, 438, 932, 864, 887, 961, 723, 866, 751, 920, 229, 298, 224, 689, 527, 902, 35, 149, 313, 417, 901, 235, 63, 193, 384, 17, 737, 431, 656, 962, 424, 533, 587, 55, 666, 120, 660, 91, 831, 957, 859, 198, 195, 861, 960, 388, 371, 206, 13, 621, 893, 141, 947, 490, 946, 329, 166, 345, 872, 251, 290, 205, 57, 155, 27, 162, 710, 270, 266, 216, 830, 451, 777, 65, 695, 455, 547, 239, 295, 479, 495, 564, 619, 190, 950, 102, 814, 180, 467, 232, 153, 732, 706, 285, 366, 178, 529, 508, 796, 267, 36, 509, 171, 347, 5, 213, 54, 849, 305, 376, 672, 651, 631, 395, 677, 276, 1, 337, 506, 33, 692, 380, 486, 274, 605, 494, 11, 426, 128, 306, 304, 510, 253, 447, 365, 110, 503, 811, 572, 182, 525, 925, 292, 367, 237, 444, 458, 847, 504, 381, 661, 218, 463, 168, 590, 681, 868, 469, 959, 143, 319, 242, 739, 668, 396, 801, 911, 972, 361, 928, 131, 343, 520, 627, 521, 94, 857, 888, 579, 640, 776]
FALSE POSITIVES: [576, 575, 341, 846, 745, 738, 926, 273, 557, 841, 538, 287, 326, 833, 711, 482, 882, 443, 297, 623, 612, 942, 354, 786, 340, 327, 954, 949, 132, 713, 563, 945, 676, 948, 674, 499, 667, 497, 364, 919, 574, 473, 652, 810, 410, 876, 543, 159, 489, 965, 204, 551, 870, 671, 836, 409, 844, 487, 597, 613, 665, 390, 502, 611, 835, 834, 500, 799, 742, 845, 754, 883, 964, 404, 644, 838, 725, 453, 474, 817, 750, 921, 907, 626, 553, 720, 476, 684, 764, 784, 377, 351, 869, 747, 284, 257, 516, 806, 885, 848, 558, 734, 488, 794, 916, 614, 718, 554, 330, 649, 571, 895, 969, 355, 743, 746, 832, 663, 539, 122, 518, 971, 595, 601, 532, 943, 271, 953, 418, 903, 938, 372, 197, 454, 465, 99, 886, 569, 890, 785, 67, 459, 316, 507, 514, 879, 492, 40, 873, 722, 778, 358, 823, 884, 761, 726, 944, 653, 462, 562, 247, 301, 837, 951, 650, 524, 501, 585, 803, 863, 865, 540, 963, 594, 586, 924, 687, 809, 968, 659, 559, 622, 636, 236, 967, 896, 582, 805, 686, 598, 46, 716, 937, 694]
FALSE NEGATIVES[265, 545, 75, 369, 822, 375, 194, 874, 160, 20, 183, 272, 560, 134, 179, 26, 638, 425, 222, 135, 610, 101, 599, 936, 440, 515, 175, 240, 548, 74, 25, 243]
CORRECT :[311, 955, 699, 41, 952, 392, 782, 407, 387, 49, 78, 130, 755, 357, 912, 348, 461, 941, 373, 125, 664, 561, 138, 603, 648, 795, 683, 820, 103, 891, 15, 856, 485, 221, 802, 322, 707, 28, 584, 452, 493, 768, 129, 223, 136, 154, 117, 43, 460, 819, 362, 105, 680, 48, 203, 196, 797, 167, 123, 238, 783, 775, 634, 150, 334, 484, 448, 679, 258, 591, 383, 573, 344, 378, 386, 600, 696, 349, 789, 294, 293, 7, 400, 735, 211, 632, 368, 385, 419, 578, 933, 592, 609, 577, 589, 466, 505, 315, 286, 69, 757, 30, 635, 95, 314, 457, 714, 51, 184, 37, 475, 248, 894, 512, 675, 433, 637, 323, 256, 83, 200, 470, 259, 633, 210, 9, 92, 172, 854, 382, 3, 620, 688, 685, 691, 815, 8, 142, 816, 798, 927, 618, 843, 173, 399, 397, 549, 658, 181, 309, 480, 260, 263, 821, 188, 450, 89, 209, 860, 139, 566, 339, 230, 923, 356, 766, 498, 423, 262, 328, 254, 881, 900, 403, 624, 244, 741, 596, 439, 966, 709, 389, 825, 871, 320, 645, 202, 12, 56, 215, 81, 231, 88, 73, 126, 61, 522, 225, 769, 840, 762, 639, 338, 701, 432, 283, 214, 279, 14, 416, 250, 164, 402, 763, 147, 212, 934, 264, 226, 717, 53, 398, 21, 220, 186, 68, 32, 877, 71, 391, 107, 906, 629, 227, 44, 898, 16, 483, 697, 288, 97, 280, 31, 87, 121, 445, 415, 918, 52, 299, 282, 581, 412, 359, 878, 812, 531, 82, 151, 767, 146, 289, 169, 690, 905, 47, 544, 278, 850, 108, 537, 731, 350, 625, 342, 275, 568, 733, 133, 10, 774, 144, 818, 765, 829, 708, 124, 106, 669, 478, 80, 245, 526, 727, 317, 719, 958, 85, 192, 915, 116, 643, 370, 79, 724, 127, 437, 422, 556, 511, 787, 24, 58, 693, 773, 700, 76, 647, 602, 414, 207, 698, 428, 760, 318, 736, 18, 781, 436, 429, 352, 156, 113, 60, 50, 752, 780, 39, 770, 104, 528, 174, 241, 456, 705, 542, 176, 411, 312, 90, 157, 261, 880, 496, 593, 570, 413, 790, 161, 471, 824, 379, 191, 793, 336, 913, 703, 199, 34, 22, 332, 296, 468, 839, 114, 38, 851, 324, 119, 353, 813, 607, 23, 970, 715, 137]
MODEL B: is_factchecking varaible, trained on 100 (50% of total) random articles
TRAINING ARTICLES: [591, 839, 593, 707, 782, 914, 393, 762, 690, 243, 702, 732, 755, 889, 254, 74, 407, 751, 859, 440, 599, 930, 858, 369, 822, 568, 92, 249, 365, 627, 479, 315, 808, 625, 415, 183, 265, 705, 101, 452, 570, 306, 866, 533, 679, 789, 150, 134, 430, 624, 880, 673, 710, 641, 367, 104, 24, 748, 642, 258, 829, 909, 584, 573, 432, 610, 548, 733, 264, 874, 847, 606, 618, 675, 680, 776, 769, 744, 419, 629, 592, 179, 609, 279, 65, 425, 397, 758, 402, 460, 141, 303, 821, 777, 374, 274, 929, 244, 891, 545]
FALSE POSITIVES: [933, 818, 917, 724, 620, 780, 717, 888, 752, 904, 556, 813, 774, 357, 428, 763, 741, 842, 797, 561, 320, 934, 596, 565, 654, 695]
FALSE NEGATIVES[602, 77, 135, 308, 20, 689, 632, 300, 194, 615]
CORRECT :[322, 631, 406, 519, 630, 800, 175, 549, 775, 572, 600, 433, 480, 765, 843, 26, 723, 25, 645, 527, 272, 370, 158, 431, 566, 635, 344, 160, 811, 278, 240, 304, 541, 703, 798, 749, 212, 639, 560, 201, 693, 466, 691, 185, 583, 359, 457, 380, 75, 638, 399, 864, 759, 871, 120, 427, 619, 812, 515, 463, 318, 688, 368, 475, 936, 772, 739, 259, 714, 664, 461, 715, 908, 375, 701, 966, 478, 421, 222, 757, 376, 456, 628]

_________________________________________________

Basic_Stemmer: description 

MODEL A: is_relvent variable, trained on 350 (50% of total) random articles
TRAINING ARTICLES: [79, 144, 356, 301, 810, 110, 522, 399, 136, 292, 733, 599, 447, 833, 227, 207, 671, 157, 972, 158, 603, 786, 739, 396, 770, 115, 241, 873, 213, 337, 252, 291, 123, 556, 270, 850, 618, 477, 456, 678, 137, 819, 826, 22, 370, 180, 855, 587, 348, 874, 969, 903, 780, 404, 288, 318, 441, 632, 351, 879, 830, 433, 586, 499, 11, 426, 492, 251, 754, 502, 377, 224, 958, 245, 761, 332, 273, 512, 135, 205, 927, 859, 491, 425, 293, 187, 468, 490, 965, 554, 164, 597, 312, 846, 362, 823, 902, 389, 427, 98, 600, 941, 88, 234, 540, 483, 168, 57, 822, 784, 424, 610, 188, 336, 159, 936, 685, 812, 676, 930, 14, 746, 104, 470, 378, 907, 132, 731, 44, 888, 680, 954, 219, 644, 889, 194, 179, 182, 971, 558, 199, 865, 294, 3, 521, 70, 361, 152, 78, 923, 278, 588, 197, 405, 779, 616, 686, 531, 623, 163, 878, 831, 643, 918, 929, 365, 842, 403, 94, 827, 620, 608, 728, 17, 118, 117, 518, 100, 809, 325, 852, 258, 663, 562, 799, 794, 869, 967, 636, 838, 299, 670, 691, 462, 851, 352, 393, 250, 868, 925, 371, 674, 5, 828, 564, 242, 648, 218, 550, 805, 343, 765, 560, 572, 165, 259, 239, 451, 945, 93, 263, 317, 243, 380, 341, 9, 143, 475, 694, 509, 206, 46, 693, 875, 853, 617, 561, 763, 311, 105, 682, 652, 230, 200, 195, 28, 681, 59, 369, 228, 443, 627, 717, 314, 422, 214, 330, 320, 429, 326, 935, 534, 419, 961, 128, 774, 421, 884, 748, 755, 287, 244, 387, 807, 937, 594, 959, 280, 877, 897, 655, 381, 895, 328, 210, 840, 525, 883, 162, 18, 684, 647, 83, 964, 189, 938, 48, 664, 849, 90, 747, 642, 661, 231, 338, 177, 472, 304, 549, 908, 598, 493, 839, 934, 776, 476, 836, 264, 103, 480, 75, 677, 203, 386, 574, 437, 363, 530, 310, 629, 555, 612, 95, 383, 473, 966, 714, 847, 844, 107, 919, 813, 160, 414, 375, 917, 449, 785, 43, 432]
FALSE POSITIVES: [901, 667, 257, 284, 814, 581, 885, 546, 408, 722, 622, 657, 711, 950, 771, 962, 626, 924, 801, 366, 949, 379, 390, 501, 764, 916, 788, 514, 236, 327, 876, 571, 835, 122, 444, 649, 551, 333, 890, 526, 845, 863, 563, 495, 791, 497, 899, 750, 893, 401, 921, 920, 302, 507, 347, 666, 886, 651, 928, 524, 832, 508, 947, 948, 734, 559, 364, 704, 650, 841, 613, 743, 464, 706, 276, 420, 86, 595, 247, 861, 539, 951, 355, 500, 926, 968, 543, 418, 372, 725, 963, 486, 517, 410, 316, 740, 520, 720, 459, 614, 738, 857, 35, 956, 896, 285, 745, 469, 532, 621, 834, 454, 806, 611, 944, 665, 943, 817, 742, 455, 557, 576, 778, 803, 882, 255, 716, 718, 465, 569, 474, 870, 409, 582, 892, 756, 692, 687, 538, 713, 503, 726, 867, 662, 488, 942, 848, 575, 40, 340, 271, 601, 354, 953, 753, 932, 345, 837, 653, 487, 567, 887]
FALSE NEGATIVES[545, 20, 134, 77, 265, 357, 120, 300, 527, 175, 183, 74, 222, 457, 272, 548, 201, 26, 515, 249, 185, 479, 367, 440, 638, 101, 306, 25, 732]
CORRECT :[446, 510, 416, 267, 202, 633, 607, 190, 757, 423, 7, 260, 570, 141, 119, 385, 346, 829, 637, 297, 688, 695, 36, 710, 394, 584, 911, 535, 751, 296, 905, 286, 516, 50, 741, 553, 604, 80, 37, 373, 434, 225, 153, 705, 329, 391, 430, 282, 783, 466, 547, 646, 61, 482, 186, 735, 415, 709, 583, 138, 220, 21, 775, 4, 42, 275, 866, 315, 54, 60, 45, 321, 216, 438, 283, 624, 155, 81, 392, 16, 463, 19, 690, 719, 173, 307, 767, 295, 699, 668, 49, 815, 772, 124, 820, 397, 904, 458, 797, 777, 323, 116, 854, 913, 111, 824, 769, 193, 149, 71, 76, 178, 909, 384, 528, 727, 56, 131, 796, 108, 358, 481, 246, 825, 407, 568, 862, 795, 192, 73, 871, 133, 439, 811, 1, 313, 191, 471, 703, 96, 529, 708, 41, 760, 635, 856, 872, 161, 102, 221, 773, 319, 591, 31, 590, 729, 802, 121, 792, 235, 8, 139, 609, 58, 303, 453, 368, 91, 592, 184, 860, 256, 172, 660, 89, 47, 97, 15, 970, 654, 30, 683, 442, 33, 322, 880, 309, 67, 698, 696, 715, 640, 758, 658, 402, 374, 630, 406, 223, 388, 212, 395, 226, 675, 261, 308, 452, 669, 65, 92, 781, 240, 542, 793, 229, 762, 198, 702, 445, 816, 957, 790, 350, 519, 289, 645, 933, 334, 619, 808, 279, 82, 34, 63, 53, 467, 544, 305, 233, 204, 324, 99, 580, 382, 156, 707, 52, 736, 578, 881, 413, 87, 412, 431, 274, 697, 494, 436, 176, 23, 504, 639, 565, 701, 238, 782, 150, 130, 749, 752, 766, 262, 151, 724, 196, 496, 170, 484, 821, 511, 237, 737, 585, 266, 460, 148, 505, 171, 248, 894, 85, 32, 169, 891, 113, 946, 513, 498, 798, 759, 253, 602, 615, 843, 589, 489, 789, 577, 679, 2, 39, 147, 952, 573, 109, 166, 142, 541, 448, 127, 254, 112, 628, 864, 181, 906, 435, 232, 673, 634, 922, 64, 461, 344, 154, 13, 114, 359, 353, 217, 914, 818, 605, 129, 335, 659, 506, 537, 29, 398, 606, 631, 167, 625, 744, 12, 912, 10, 211, 208, 939, 858, 723, 533, 656, 450, 700, 593, 898, 290, 55, 915, 960, 66, 596, 69, 349, 910, 721, 536, 6, 712, 146, 24, 215, 641, 400, 68, 27, 376, 126, 268, 281, 51, 428, 277, 125, 478, 339, 768, 209, 730, 566, 342, 800, 900, 417, 140, 411, 38, 940, 485, 106, 787, 955, 672, 298, 552, 579, 174, 689]
MODEL B: is_factchecking varaible, trained on 100 (50% of total) random articles
TRAINING ARTICLES: [519, 300, 635, 560, 769, 150, 675, 909, 573, 515, 272, 818, 561, 304, 858, 691, 572, 811, 749, 92, 318, 533, 308, 160, 456, 888, 639, 568, 592, 632, 591, 759, 714, 673, 549, 609, 565, 244, 739, 755, 772, 141, 625, 866, 357, 751, 679, 74, 600, 599, 478, 135, 194, 466, 75, 880, 688, 24, 460, 789, 375, 641, 104, 797, 732, 65, 183, 628, 630, 936, 741, 359, 723, 428, 134, 566, 874, 822, 463, 891, 624, 475, 322, 829, 839, 380, 703, 201, 717, 693, 374, 800, 664, 680, 393, 813, 744, 821, 724, 222]
FALSE POSITIVES: [774, 642, 934, 752, 780, 620, 593, 695, 930, 904, 606, 240, 763, 842, 859, 733, 933, 710, 758, 570, 402, 433, 596, 320, 369, 421, 249, 425, 707, 847, 415, 908, 917, 264, 654, 914]
FALSE NEGATIVES[602, 689, 20, 101]
CORRECT :[645, 762, 638, 548, 690, 748, 365, 26, 610, 306, 120, 376, 279, 615, 452, 432, 457, 265, 629, 765, 757, 397, 776, 243, 545, 407, 808, 431, 278, 619, 782, 179, 461, 158, 775, 583, 303, 212, 929, 419, 406, 77, 274, 427, 966, 440, 527, 399, 627, 258, 777, 631, 541, 843, 871, 701, 185, 715, 812, 889, 480, 556, 370, 702, 259, 368, 798, 643, 175, 254, 25, 618, 864, 584, 344, 315, 705, 367, 479]

_________________________________________________

Custom_stemmer1: description 

MODEL A: is_relvent variable, trained on 350 (50% of total) random articles
TRAINING ARTICLES: [460, 422, 856, 449, 813, 406, 569, 496, 551, 308, 884, 462, 279, 412, 806, 293, 577, 641, 965, 668, 653, 272, 91, 624, 324, 408, 50, 663, 623, 164, 749, 447, 761, 822, 35, 87, 400, 672, 959, 648, 216, 175, 240, 316, 204, 31, 916, 863, 734, 277, 792, 383, 261, 217, 47, 791, 684, 167, 124, 845, 723, 315, 587, 613, 442, 243, 954, 464, 29, 836, 105, 110, 581, 179, 437, 10, 872, 515, 335, 133, 387, 506, 120, 549, 501, 44, 881, 125, 55, 220, 461, 268, 225, 942, 362, 827, 539, 666, 622, 51, 571, 820, 882, 116, 180, 299, 499, 450, 798, 443, 470, 228, 126, 777, 898, 543, 864, 760, 357, 753, 835, 762, 637, 530, 174, 747, 548, 927, 399, 281, 651, 844, 262, 639, 117, 466, 30, 667, 74, 779, 358, 219, 658, 181, 425, 726, 830, 322, 369, 846, 925, 862, 344, 158, 33, 960, 816, 487, 911, 674, 452, 238, 421, 859, 482, 27, 49, 99, 904, 448, 790, 61, 54, 193, 191, 477, 536, 573, 894, 552, 305, 554, 611, 676, 323, 291, 556, 767, 489, 764, 718, 563, 38, 214, 657, 644, 538, 260, 103, 852, 645, 930, 633, 459, 165, 818, 821, 395, 481, 636, 86, 940, 801, 596, 628, 382, 457, 73, 338, 524, 388, 912, 444, 694, 67, 374, 278, 463, 929, 771, 100, 106, 283, 39, 826, 224, 119, 972, 748, 109, 94, 187, 896, 271, 420, 533, 728, 144, 652, 169, 280, 309, 751, 345, 970, 248, 774, 340, 304, 92, 156, 531, 525, 963, 205, 635, 332, 837, 964, 478, 692, 576, 433, 85, 391, 520, 200, 784, 12, 498, 559, 2, 208, 802, 321, 621, 137, 627, 142, 453, 625, 215, 405, 710, 735, 640, 545, 589, 626, 752, 222, 681, 903, 341, 541, 875, 532, 720, 365, 57, 104, 130, 77, 664, 969, 955, 583, 660, 199, 607, 703, 851, 518, 146, 593, 136, 417, 505, 319, 98, 479, 540, 490, 128, 347, 597, 860, 170, 629, 336, 831, 149, 594, 673, 739, 527, 906, 819, 188, 325]
FALSE POSITIVES: [938, 564, 857, 40, 892, 879, 890, 414, 555, 745, 122, 451, 876, 861, 809, 949, 650, 817, 582, 372, 465, 950, 410, 920, 711, 953, 805, 346, 756, 712, 743, 507, 886, 488, 232, 467, 46, 409, 396, 317, 951, 586, 327, 823, 614, 737, 537, 617, 786, 944, 364, 182, 276, 351, 546, 962, 598, 832, 686, 503, 495, 921, 424, 562, 159, 838, 704, 404, 740, 381, 907, 968, 476, 284, 255, 526, 926, 585, 661, 937, 932, 814, 833, 870, 883, 132, 354, 497, 928, 662, 742, 469, 947, 426, 869, 287, 553, 544, 895, 508, 616, 828, 394, 961, 48, 967, 486, 326, 885, 746, 841, 608, 834, 971, 441, 575, 517, 198, 314, 429, 474, 273, 799, 454, 389, 492, 878, 919, 901, 361, 366, 285, 401, 350, 197, 339, 355, 567, 848, 257, 522, 177, 256, 377, 865, 473, 574, 873, 722, 491, 612, 946, 333, 706, 887, 699, 455, 601, 867, 500, 330, 363, 671, 514, 725, 738, 297, 302, 502, 253, 956, 754, 550, 803, 665, 924, 595, 794, 649, 558, 231, 557, 513, 390, 943, 788, 659, 298, 713, 810, 331, 226, 893, 902, 778, 945, 687, 948, 301, 785, 716, 236, 899, 418, 247]
FALSE NEGATIVES[25, 599, 101, 560, 265, 134, 135, 610, 936, 160, 732, 874, 75, 26]
CORRECT :[528, 600, 68, 900, 825, 730, 691, 154, 698, 186, 763, 292, 603, 415, 604, 605, 423, 910, 118, 419, 796, 638, 307, 64, 56, 615, 37, 111, 63, 168, 393, 313, 300, 270, 679, 721, 509, 141, 776, 782, 889, 677, 206, 632, 239, 688, 152, 93, 185, 108, 237, 95, 905, 97, 163, 178, 286, 717, 249, 484, 166, 349, 428, 952, 808, 719, 797, 107, 445, 212, 129, 918, 150, 66, 923, 631, 162, 221, 570, 79, 16, 207, 853, 392, 510, 4, 384, 941, 334, 211, 189, 922, 70, 403, 368, 21, 398, 757, 529, 295, 282, 416, 328, 337, 693, 69, 855, 155, 758, 259, 201, 264, 113, 173, 78, 114, 815, 647, 669, 535, 320, 53, 263, 775, 71, 800, 194, 456, 430, 534, 375, 407, 373, 140, 213, 485, 65, 254, 811, 196, 731, 689, 435, 707, 90, 854, 868, 378, 561, 769, 741, 36, 783, 891, 32, 733, 781, 20, 41, 329, 866, 60, 183, 578, 275, 274, 880, 397, 310, 202, 727, 82, 353, 311, 493, 24, 871, 161, 348, 148, 157, 590, 824, 458, 234, 88, 411, 565, 670, 682, 306, 176, 359, 112, 76, 702, 367, 504, 43, 847, 592, 432, 850, 184, 780, 89, 683, 957, 233, 697, 153, 958, 696, 413, 342, 606, 680, 131, 96, 195, 59, 729, 296, 235, 223, 267, 572, 427, 83, 483, 494, 768, 471, 789, 602, 386, 385, 807, 787, 678, 772, 755, 436, 147, 591, 715, 646, 192, 701, 580, 714, 579, 245, 242, 290, 251, 877, 252, 849, 352, 812, 909, 244, 209, 446, 45, 9, 840, 121, 685, 744, 1, 858, 370, 438, 468, 218, 759, 655, 343, 402, 765, 52, 770, 634, 908, 934, 914, 312, 258, 190, 966, 139, 933, 690, 379, 11, 609, 521, 475, 7, 915, 172, 115, 654, 888, 620, 289, 511, 266, 18, 588, 380, 34, 793, 795, 897, 138, 303, 724, 829, 843, 19, 376, 80, 210, 356, 695, 434, 241, 519, 630, 58, 516, 13, 431, 294, 227, 618, 700, 913, 839, 14, 318, 28, 102, 709, 656, 230, 584, 15, 81, 123, 250, 935, 288, 23, 705, 151, 440, 439, 472, 229, 3, 42, 773, 371, 171, 22, 480, 708, 512, 5, 643, 939, 203, 542, 17, 127, 6, 619, 568, 917, 766, 675, 143, 842, 8, 246, 642, 547, 736, 566]
MODEL B: is_factchecking varaible, trained on 100 (50% of total) random articles
TRAINING ARTICLES: [425, 365, 638, 842, 748, 772, 120, 430, 402, 620, 399, 591, 702, 600, 583, 615, 274, 847, 888, 201, 419, 755, 374, 751, 631, 723, 934, 749, 315, 914, 929, 320, 480, 243, 457, 175, 406, 717, 624, 758, 179, 440, 917, 104, 715, 776, 561, 568, 707, 415, 701, 212, 376, 463, 515, 859, 675, 880, 933, 254, 431, 643, 818, 304, 478, 800, 560, 632, 357, 141, 427, 259, 556, 930, 572, 866, 26, 150, 780, 839, 344, 610, 375, 808, 244, 566, 642, 475, 864, 565, 599, 433, 908, 393, 222, 134, 249, 570, 777, 75]
FALSE POSITIVES: [858, 606, 763, 813, 74, 695, 92, 322, 428, 797, 369, 724, 264, 596, 733, 593]
FALSE NEGATIVES[308, 689, 765, 135, 306, 101, 602, 20, 300, 782, 77, 762, 573]
CORRECT :[380, 693, 258, 240, 541, 757, 664, 479, 618, 639, 548, 279, 185, 407, 705, 703, 774, 368, 691, 629, 891, 609, 874, 625, 673, 549, 635, 628, 370, 645, 744, 829, 627, 432, 871, 710, 278, 452, 533, 909, 798, 303, 527, 183, 456, 654, 741, 519, 775, 688, 592, 318, 359, 904, 769, 732, 367, 194, 421, 630, 272, 889, 812, 821, 789, 265, 397, 679, 584, 822, 690, 460, 24, 936, 759, 545, 158, 619, 966, 466, 680, 739, 811, 714, 65, 641, 25, 461, 752, 843]

_________________________________________________

